3.0  2.998587 0.000632
 3.0202020202  2.999533 0.000607
 3.0404040404  2.999101 0.000610
 3.06060606061  2.998933 0.000583
 3.08080808081  2.999546 0.000669
 3.10101010101  2.998239 0.000593
 3.12121212121  3.001190 0.000713
 3.14141414141  2.998170 0.000595
 3.16161616162  2.999030 0.000643
 3.18181818182  2.998062 0.000633
 3.20202020202  2.999417 0.000679
 3.22222222222  2.998896 0.000638
 3.24242424242  3.000371 0.000614
 3.26262626263  2.999292 0.000656
 3.28282828283  2.999035 0.000621
 3.30303030303  3.000699 0.000625
 3.32323232323  2.997522 0.000621
 3.34343434343  2.999622 0.000619
 3.36363636364  2.999752 0.000640
 3.38383838384  2.998522 0.000713
 3.40404040404  3.000157 0.000599
 3.42424242424  2.999822 0.000600
 3.44444444444  3.000337 0.000619
 3.46464646465  3.000382 0.000626
 3.48484848485  2.999899 0.000662
 3.50505050505  2.998980 0.000602
 3.52525252525  2.999078 0.000592
 3.54545454545  3.001126 0.000617
 3.56565656566  3.000876 0.000571
 3.58585858586  3.000104 0.000606
 3.60606060606  3.000360 0.000565
 3.62626262626  3.000386 0.000611
 3.64646464646  3.000212 0.000630
 3.66666666667  3.000241 0.000651
 3.68686868687  3.000607 0.000630
 3.70707070707  3.001126 0.000610
 3.72727272727  3.000319 0.000679
 3.74747474747  2.999746 0.000626
 3.76767676768  3.000252 0.000677
 3.78787878788  2.999097 0.000608
 3.80808080808  3.001727 0.000652
 3.82828282828  3.000124 0.000678
 3.84848484848  3.001024 0.000604
 3.86868686869  2.999931 0.000703
 3.88888888889  3.000491 0.000652
 3.90909090909  2.999770 0.000599
 3.92929292929  3.000302 0.000718
 3.94949494949  3.000186 0.000611
 3.9696969697  3.000341 0.000623
 3.9898989899  2.999878 0.000651
 4.0101010101  3.000211 0.000619
 4.0303030303  3.001649 0.000599
 4.05050505051  3.001358 0.000585
 4.07070707071  2.998400 0.000653
 4.09090909091  3.001559 0.000627
 4.11111111111  3.000154 0.000636
 4.13131313131  3.000090 0.000613
 4.15151515152  3.000653 0.000611
 4.17171717172  3.000270 0.000634
 4.19191919192  3.001244 0.000584
 4.21212121212  2.999613 0.000622
 4.23232323232  3.002203 0.000607
 4.25252525253  3.000986 0.000648
 4.27272727273  3.000730 0.000617
 4.29292929293  2.999571 0.000581
 4.31313131313  3.000051 0.000598
 4.33333333333  3.000363 0.000640
 4.35353535354  3.000890 0.000673
 4.37373737374  3.001135 0.000687
 4.39393939394  2.999514 0.000597
 4.41414141414  3.001131 0.000625
 4.43434343434  3.000964 0.000660
 4.45454545455  3.001292 0.000637
 4.47474747475  3.000742 0.000650
 4.49494949495  3.001631 0.000581
 4.51515151515  3.000931 0.000685
 4.53535353535  3.000813 0.000633
 4.55555555556  3.002663 0.000736
 4.57575757576  3.001328 0.000623
 4.59595959596  3.001746 0.000650
 4.61616161616  3.002033 0.000576
 4.63636363636  3.000619 0.000635
 4.65656565657  2.999740 0.000615
 4.67676767677  3.000863 0.000639
 4.69696969697  3.000799 0.000608
 4.71717171717  2.999396 0.000694
 4.73737373737  3.000511 0.000633
 4.75757575758  3.000318 0.000653
 4.77777777778  3.001285 0.000641
 4.79797979798  3.000008 0.000592
 4.81818181818  2.999163 0.000582
 4.83838383838  3.000853 0.000684
 4.85858585859  3.000523 0.000741
 4.87878787879  2.999480 0.000612
 4.89898989899  3.000392 0.000602
 4.91919191919  3.001660 0.000634
 4.93939393939  2.999658 0.000625
 4.9595959596  2.998931 0.000594
 4.9797979798  3.001486 0.000592
 5.0  2.999494 0.000651

