4.0 2.9958723205447195 0.0000001283761684
 4.06060606061 2.9962443054735659 0.0000000968646248
 4.12121212121 2.9966340298533440 0.0000000921876833
 4.18181818182 2.9969232784867286 0.0000000812805734
 4.24242424242 2.9972283021271231 0.0000000715995352
 4.30303030303 2.9974579792261125 0.0000000599514056
 4.36363636364 2.9976688435852528 0.0000000613891498
 4.42424242424 2.9978735506236553 0.0000000485660809
 4.48484848485 2.9980575212001801 0.0000000545863994
 4.54545454545 2.9982321528732778 0.0000000389006285
 4.60606060606 2.9983778928399087 0.0000000386749761
 4.66666666667 2.9984965780317783 0.0000000311752704
 4.72727272727 2.9986461645007134 0.0000000304183203
 4.78787878788 2.9987420396864413 0.0000000326190683
 4.84848484848 2.9988380848288534 0.0000000269873226
 4.90909090909 2.9989307276368140 0.0000000229764598
 4.9696969697 2.9990077633917331 0.0000000233691360
 5.0303030303 2.9990891386449339 0.0000000202580637
 5.09090909091 2.9991445749938488 0.0000000248336569
 5.15151515152 2.9992166749238969 0.0000000184017939
 5.21212121212 2.9992615086555481 0.0000000206362412
 5.27272727273 2.9993149156332017 0.0000000048978048
 5.33333333333 2.9993592857301237 -0.0000000136789726
 5.39393939394 2.9994125925302506 -0.0000000153384843
 5.45454545455 2.9994429913640022 -0.0000000136420670
 5.51515151515 2.9994981424272060 0.0000000073834201
 5.57575757576 2.9995133550643920 0.0000000128248026
 5.63636363636 2.9995559639513494 0.0000000444811370
 5.69696969697 2.9995786519169809 0.0000000627440357
 5.75757575758 2.9996130180895331 0.0000000876502995
 5.81818181818 2.9996347638785839 0.0000001046516065
 5.87878787879 2.9996530633926390 0.0000001167184251
 5.93939393939 2.9996727961599827 0.0000001297945840
 6.0 2.9997034811258314 0.0000001498990922
 6.06060606061 2.9997200046181680 0.0000001629775550
 6.12121212121 2.9997372129738329 0.0000001692304288
 6.18181818182 2.9997523395061494 0.0000001773212759
 6.24242424242 2.9997659805893897 0.0000001850601645
 6.30303030303 2.9997775272130967 0.0000001878753952
 6.36363636364 2.9997991867601872 0.0000001974846544
 6.42424242424 2.9998015835881233 0.0000002040801377
 6.48484848485 2.9998095501780511 0.0000002003116215
 6.54545454545 2.9998261465072633 0.0000002073590757
 6.60606060606 2.9998390491485596 0.0000002138008632
 6.66666666667 2.9998486240327358 0.0000002152535572
 6.72727272727 2.9998514641344549 0.0000002169636435
 6.78787878788 2.9998619768798349 0.0000002205722129
 6.84848484848 2.9998740850925447 0.0000002209189258
 6.90909090909 2.9998788318216802 0.0000002244401855
 6.9696969697 2.9998814004182814 0.0000002234705700
 7.0303030303 2.9998861393988134 0.0000002261099930
 7.09090909091 2.9998906164050103 0.0000002257147109
 7.15151515152 2.9999008555531503 0.0000002296856820
 7.21212121212 2.9999070803642272 0.0000002298560471
 7.27272727273 2.9999115862548353 0.0000002303989319
 7.33333333333 2.9999157879114149 0.0000002322328942
 7.39393939394 2.9999186036646366 0.0000002305176761
 7.45454545455 2.9999251779437066 0.0000002325102937
 7.51515151515 2.9999254180848598 0.0000002331064568
 7.57575757576 2.9999344845116140 0.0000002337090663
 7.63636363636 2.9999307828545572 0.0000002324354718
 7.69696969697 2.9999377976477146 0.0000002356342499
 7.75757575758 2.9999400501310824 0.0000002349080397
 7.81818181818 2.9999440488934517 0.0000002354549462
 7.87878787879 2.9999456886351110 0.0000002330965891
 7.93939393939 2.9999465626597406 0.0000002378756907
 8.0 2.9999502720773221 0.0000002361245262
 8.06060606061 2.9999528770804407 0.0000002366271605
 8.12121212121 2.9999553675055504 0.0000002391921754
 8.18181818182 2.9999566949725152 0.0000002376161383
 8.24242424242 2.9999578539311886 0.0000002367257341
 8.30303030303 2.9999608333826067 0.0000002374329178
 8.36363636364 2.9999625579953193 0.0000002378034569
 8.42424242424 2.9999639398217202 0.0000002386441214
 8.48484848485 2.9999632818639279 0.0000002387273668
 8.54545454545 2.9999665683090688 0.0000002365975647
 8.60606060606 2.9999673929929735 0.0000002376891484
 8.66666666667 2.9999700959026812 0.0000002379892425
 8.72727272727 2.9999703892409801 0.0000002386027447
 8.78787878788 2.9999711579382420 0.0000002383615740
 8.84848484848 2.9999730092465877 0.0000002392517207
 8.90909090909 2.9999744083046913 0.0000002391226293
 8.9696969697 2.9999761348962783 0.0000002387311859
 9.0303030303 2.9999757326304914 0.0000002397012597
 9.09090909091 2.9999778824925420 0.0000002374048744
 9.15151515152 2.9999783993005753 0.0000002384765097
 9.21212121212 2.9999789050221444 0.0000002399047716
 9.27272727273 2.9999800543129442 0.0000002384379822
 9.33333333333 2.9999798835396767 0.0000002385145859
 9.39393939394 2.9999813033759595 0.0000002375325732
 9.45454545455 2.9999822675645351 0.0000002396896228
 9.51515151515 2.9999847357928755 0.0000002406770552
 9.57575757576 2.9999833566725256 0.0000002391548577
 9.63636363636 2.9999835052251815 0.0000002401492178
 9.69696969697 2.9999837368726729 0.0000002403952237
 9.75757575758 2.9999835753858091 0.0000002399965542
 9.81818181818 2.9999875952064992 0.0000002412806950
 9.87878787879 2.9999867851555346 0.0000002404254769
 9.93939393939 2.9999864108741283 0.0000002431572579
 10.0 2.9999868453502656 0.0000002398429384

