2.0  2.958392 0.000010
 2.01507537688  2.960302 0.000011
 2.03015075377  2.961808 0.000008
 2.04522613065  2.962741 0.000467
 2.06030150754  2.963260 0.001121
 2.07537688442  2.966564 0.000006
 2.09045226131  2.967767 0.000006
 2.10552763819  2.969121 0.000025
 2.12060301508  2.970474 0.000020
 2.13567839196  2.971842 0.000005
 2.15075376884  2.972842 0.000005
 2.16582914573  2.974039 0.000005
 2.18090452261  2.972510 0.003029
 2.1959798995  2.976298 0.000005
 2.21105527638  2.977285 0.000004
 2.22613065327  2.978155 0.000004
 2.24120603015  2.979103 0.000004
 2.25628140704  2.980005 0.000003
 2.27135678392  2.980744 0.000003
 2.2864321608  2.981602 0.000003
 2.30150753769  2.982327 0.000023
 2.31658291457  2.983154 0.000003
 2.33165829146  2.983854 0.000003
 2.34673366834  2.984555 0.000002
 2.36180904523  2.985265 0.000002
 2.37688442211  2.985765 0.000002
 2.39195979899  2.986378 0.000002
 2.40703517588  2.986822 0.000002
 2.42211055276  2.987533 0.000002
 2.43718592965  2.988006 0.000002
 2.45226130653  2.988610 0.000001
 2.46733668342  2.989006 0.000002
 2.4824120603  2.989448 0.000001
 2.49748743719  2.990001 0.000001
 2.51256281407  2.990275 0.000002
 2.52763819095  2.990722 0.000001
 2.54271356784  2.991109 0.000001
 2.55778894472  2.991523 0.000001
 2.57286432161  2.991814 0.000001
 2.58793969849  2.992132 0.000001
 2.60301507538  2.992507 0.000001
 2.61809045226  2.992789 0.000001
 2.63316582915  2.993102 0.000001
 2.64824120603  2.993381 0.000001
 2.66331658291  2.993615 0.000001
 2.6783919598  2.993938 0.000001
 2.69346733668  2.994107 0.000001
 2.70854271357  2.994360 0.000001
 2.72361809045  2.994607 0.000001
 2.73869346734  2.994782 0.000001
 2.75376884422  2.995054 0.000001
 2.76884422111  2.995243 0.000001
 2.78391959799  2.995446 0.000001
 2.79899497487  2.995610 0.000001
 2.81407035176  2.995762 0.000001
 2.82914572864  2.995954 0.000001
 2.84422110553  2.996197 0.000001
 2.85929648241  2.996217 0.000000
 2.8743718593  2.996429 0.000000
 2.88944723618  2.996473 0.000000
 2.90452261307  2.996745 0.000000
 2.91959798995  2.996814 0.000000
 2.93467336683  2.996982 0.000000
 2.94974874372  2.997133 0.000000
 2.9648241206  2.997154 0.000000
 2.97989949749  2.997262 0.000000
 2.99497487437  2.997384 0.000000
 3.01005025126  2.997510 0.000000
 3.02512562814  2.997622 0.000000
 3.04020100503  2.997734 0.000000
 3.05527638191  2.997785 0.000000
 3.07035175879  2.997831 0.000000
 3.08542713568  2.997937 0.000000
 3.10050251256  2.997983 0.000000
 3.11557788945  2.998082 0.000000
 3.13065326633  2.998140 0.000000
 3.14572864322  2.998206 0.000000
 3.1608040201  2.998251 0.000000
 3.17587939698  2.998390 0.000000
 3.19095477387  2.998431 0.000000
 3.20603015075  2.998510 0.000000
 3.22110552764  2.998496 0.000000
 3.23618090452  2.998582 0.000000
 3.25125628141  2.998603 0.000000
 3.26633165829  2.998669 0.000000
 3.28140703518  2.998724 0.000000
 3.29648241206  2.998772 0.000000
 3.31155778894  2.998773 0.000000
 3.32663316583  2.998860 0.000000
 3.34170854271  2.998883 0.000000
 3.3567839196  2.998910 0.000000
 3.37185929648  2.998947 0.000000
 3.38693467337  2.999030 0.000000
 3.40201005025  2.999006 0.000000
 3.41708542714  2.999050 0.000000
 3.43216080402  2.999105 0.000000
 3.4472361809  2.999085 0.000000
 3.46231155779  2.999157 0.000000
 3.47738693467  2.999196 0.000000
 3.49246231156  2.999193 0.000000
 3.50753768844  2.999232 0.000000
 3.52261306533  2.999285 0.000000
 3.53768844221  2.999309 0.000000
 3.5527638191  2.999318 0.000000
 3.56783919598  2.999329 0.000000
 3.58291457286  2.999354 0.000000
 3.59798994975  2.999398 0.000000
 3.61306532663  2.999397 0.000000
 3.62814070352  2.999411 0.000000
 3.6432160804  2.999452 0.000000
 3.65829145729  2.999439 0.000000
 3.67336683417  2.999470 0.000000
 3.68844221106  2.999505 0.000000
 3.70351758794  2.999480 0.000000
 3.71859296482  2.999530 0.000000
 3.73366834171  2.999529 0.000000
 3.74874371859  2.999535 0.000000
 3.76381909548  2.999546 0.000000
 3.77889447236  2.999555 0.000000
 3.79396984925  2.999599 0.000000
 3.80904522613  2.999627 0.000000
 3.82412060302  2.999604 0.000000
 3.8391959799  2.999633 0.000000
 3.85427135678  2.999637 0.000000
 3.86934673367  2.999654 0.000000
 3.88442211055  2.999653 0.000000
 3.89949748744  2.999674 0.000000
 3.91457286432  2.999664 0.000000
 3.92964824121  2.999689 0.000000
 3.94472361809  2.999681 0.000000
 3.95979899497  2.999685 0.000000
 3.97487437186  2.999682 0.000000
 3.98994974874  2.999696 0.000000
 4.00502512563  2.999708 0.000000
 4.02010050251  2.999754 0.000000
 4.0351758794  2.999735 0.000000
 4.05025125628  2.999768 0.000000
 4.06532663317  2.999749 0.000000
 4.08040201005  2.999739 0.000000
 4.09547738693  2.999775 0.000000
 4.11055276382  2.999773 0.000000
 4.1256281407  2.999781 0.000000
 4.14070351759  2.999802 0.000000
 4.15577889447  2.999796 0.000000
 4.17085427136  2.999801 0.000000
 4.18592964824  2.999813 0.000000
 4.20100502513  2.999801 0.000000
 4.21608040201  2.999813 0.000000
 4.23115577889  2.999824 0.000000
 4.24623115578  2.999816 0.000000
 4.26130653266  2.999823 0.000000
 4.27638190955  2.999822 0.000000
 4.29145728643  2.999833 0.000000
 4.30653266332  2.999837 0.000000
 4.3216080402  2.999838 0.000000
 4.33668341709  2.999834 0.000000
 4.35175879397  2.999857 0.000000
 4.36683417085  2.999857 0.000000
 4.38190954774  2.999858 0.000000
 4.39698492462  2.999862 0.000000
 4.41206030151  2.999855 0.000000
 4.42713567839  2.999856 0.000000
 4.44221105528  2.999874 0.000000
 4.45728643216  2.999869 0.000000
 4.47236180905  2.999869 0.000000
 4.48743718593  2.999884 0.000000
 4.50251256281  2.999884 0.000000
 4.5175879397  2.999888 0.000000
 4.53266331658  2.999889 0.000000
 4.54773869347  2.999873 0.000000
 4.56281407035  2.999882 0.000000
 4.57788944724  2.999905 0.000000
 4.59296482412  2.999870 0.000000
 4.60804020101  2.999896 0.000000
 4.62311557789  2.999901 0.000000
 4.63819095477  2.999890 0.000000
 4.65326633166  2.999898 0.000000
 4.66834170854  2.999904 0.000000
 4.68341708543  2.999899 0.000000
 4.69849246231  2.999912 0.000000
 4.7135678392  2.999921 0.000000
 4.72864321608  2.999911 0.000000
 4.74371859296  2.999928 0.000000
 4.75879396985  2.999916 0.000000
 4.77386934673  2.999924 0.000000
 4.78894472362  2.999918 0.000000
 4.8040201005  2.999915 0.000000
 4.81909547739  2.999917 0.000000
 4.83417085427  2.999937 0.000000
 4.84924623116  2.999930 0.000000
 4.86432160804  2.999918 0.000000
 4.87939698492  2.999926 0.000000
 4.89447236181  2.999943 0.000000
 4.90954773869  2.999933 0.000000
 4.92462311558  2.999928 0.000000
 4.93969849246  2.999947 0.000000
 4.95477386935  2.999929 0.000000
 4.96984924623  2.999931 0.000000
 4.98492462312  2.999949 0.000000
 5.0  2.999938 0.000000

