2.0  2.957233 0.000644
 2.01515151515  2.959680 0.004815
 2.0303030303  2.962745 0.000776
 2.04545454545  2.965093 0.000640
 2.06060606061  2.966092 0.000618
 2.07575757576  2.966895 0.000722
 2.09090909091  2.967070 0.018636
 2.10606060606  2.970033 0.000770
 2.12121212121  2.971268 0.000645
 2.13636363636  2.972960 0.000622
 2.15151515152  2.973176 0.005819
 2.16666666667  2.975073 0.000615
 2.18181818182  2.976799 0.000631
 2.19696969697  2.976549 0.000575
 2.21212121212  2.976611 0.000631
 2.22727272727  2.980730 0.000587
 2.24242424242  2.982347 0.000688
 2.25757575758  2.982067 0.000656
 2.27272727273  2.979647 0.000614
 2.28787878788  2.981306 0.000638
 2.30303030303  2.980839 0.000579
 2.31818181818  2.984148 0.000618
 2.33333333333  2.984343 0.000680
 2.34848484848  2.986713 0.000634
 2.36363636364  2.984860 0.000610
 2.37878787879  2.986453 0.000590
 2.39393939394  2.991925 0.029187
 2.40909090909  2.990409 0.000805
 2.42424242424  2.987999 0.000655
 2.43939393939  2.985961 0.000612
 2.45454545455  2.988142 0.000622
 2.4696969697  2.989926 0.000634
 2.48484848485  2.990540 0.000650
 2.5  2.991050 0.000651
 2.51515151515  2.991593 0.000633
 2.5303030303  2.991843 0.000836
 2.54545454545  2.991497 0.000632
 2.56060606061  2.991352 0.000590
 2.57575757576  2.993261 0.000699
 2.59090909091  2.992943 0.000596
 2.60606060606  2.991886 0.000603
 2.62121212121  2.992338 0.000595
 2.63636363636  2.992065 0.000651
 2.65151515152  2.995073 0.000613
 2.66666666667  2.995821 0.000630
 2.68181818182  2.995414 0.000568
 2.69696969697  2.997461 0.000615
 2.71212121212  2.990906 0.000650
 2.72727272727  2.996128 0.000570
 2.74242424242  2.995208 0.000633
 2.75757575758  2.995759 0.000579
 2.77272727273  2.993778 0.000659
 2.78787878788  2.996649 0.000559
 2.80303030303  2.993142 0.000605
 2.81818181818  2.996296 0.000607
 2.83333333333  2.997960 0.000577
 2.84848484848  2.996890 0.000714
 2.86363636364  2.995923 0.000661
 2.87878787879  2.996525 0.000712
 2.89393939394  2.998676 0.000662
 2.90909090909  2.994644 0.000601
 2.92424242424  2.997304 0.000548
 2.93939393939  2.996694 0.000636
 2.95454545455  2.997790 0.000545
 2.9696969697  2.997813 0.000592
 2.98484848485  2.998313 0.000602
 3.0  2.998006 0.000565
 3.01515151515  2.999320 0.000649
 3.0303030303  2.998583 0.000613
 3.04545454545  2.999291 0.000548
 3.06060606061  2.998289 0.000616
 3.07575757576  3.000918 0.000619
 3.09090909091  2.998408 0.000611
 3.10606060606  2.999951 0.000607
 3.12121212121  3.002344 0.000555
 3.13636363636  2.996401 0.000586
 3.15151515152  2.998076 0.000536
 3.16666666667  3.000541 0.000581
 3.18181818182  2.999086 0.000588
 3.19696969697  3.000191 0.000555
 3.21212121212  2.999752 0.000579
 3.22727272727  2.998628 0.000645
 3.24242424242  3.000152 0.000656
 3.25757575758  2.996725 0.000570
 3.27272727273  3.001982 0.000624
 3.28787878788  2.997727 0.000608
 3.30303030303  3.000985 0.000616
 3.31818181818  2.999349 0.000660
 3.33333333333  2.999309 0.000664
 3.34848484848  3.001790 0.000602
 3.36363636364  2.998782 0.000616
 3.37878787879  3.000923 0.000606
 3.39393939394  3.001096 0.000563
 3.40909090909  3.001624 0.000611
 3.42424242424  2.999108 0.000608
 3.43939393939  2.997659 0.000563
 3.45454545455  2.999928 0.000571
 3.4696969697  2.999798 0.000560
 3.48484848485  2.998524 0.000606
 3.5  3.001920 0.000529

