2.0  2.957233 0.000644
 2.06060606061  2.965563 0.000650
  2.12121212121  2.971268 0.000645
   2.18181818182  2.976799 0.000631
    2.24242424242  2.982347 0.000688
     2.30303030303  2.980995 0.000559
      2.36363636364  2.984860 0.000610
       2.42424242424  2.987999 0.000655
        2.48484848485  2.990540 0.000650
         2.54545454545  2.991497 0.000632
          2.60606060606  2.995022 0.000555
           2.66666666667  2.995821 0.000630
            2.72727272727  2.996128 0.000570
             2.78787878788  2.996649 0.000559
              2.84848484848  2.996890 0.000714
               2.90909090909  2.994644 0.000601
                2.9696969697  2.997813 0.000592
                 3.0303030303  2.998583 0.000613
                  3.09090909091  2.998408 0.000611
                   3.15151515152  2.998076 0.000536
                    3.21212121212  2.999752 0.000579
                     3.27272727273  3.001982 0.000624
                      3.33333333333  2.999309 0.000664
                       3.39393939394  3.001096 0.000563
                        3.45454545455  3.001471 0.000559
                         3.51515151515  2.999432 0.000637
                          3.57575757576  3.000310 0.000639
                           3.63636363636  3.000810 0.000621
                            3.69696969697  2.999058 0.000676
                             3.75757575758  3.000772 0.000626
                              3.81818181818  2.999268 0.000632
                               3.87878787879  2.999403 0.000595
                                3.93939393939  3.001304 0.000579
                                 4.0  2.999527 0.000650
                                  4.06060606061  3.001091 0.000609
                                   4.12121212121  3.001233 0.000614
                                    4.18181818182  3.002135 0.000609
                                     4.24242424242  3.001306 0.000607
                                      4.30303030303  2.999588 0.000705
                                       4.36363636364  2.999150 0.000619
                                        4.42424242424  3.000952 0.000592
                                         4.48484848485  3.001362 0.000626
                                          4.54545454545  3.000454 0.000618
                                           4.60606060606  3.000782 0.000607
                                            4.66666666667  3.000748 0.000525
                                             4.72727272727  3.002192 0.000609
                                              4.78787878788  2.998037 0.000561
                                               4.84848484848  2.999322 0.000607
                                                4.90909090909  2.997539 0.000685
                                                 4.9696969697  3.000913 0.000602
                                                  5.0303030303  3.000906 0.000554
                                                   5.09090909091  2.997979 0.000603
                                                    5.15151515152  3.002084 0.000651
                                                     5.21212121212  3.002109 0.000575
                                                      5.27272727273  3.000517 0.000633
                                                       5.33333333333  2.999066 0.000604
                                                        5.39393939394  2.998747 0.000694
                                                         5.45454545455  3.002131 0.000552
                                                          5.51515151515  3.000517 0.000600
                                                           5.57575757576  2.999253 0.000536
                                                            5.63636363636  3.001581 0.000578
                                                             5.69696969697  3.001481 0.000665
                                                              5.75757575758  3.002471 0.000622
                                                               5.81818181818  2.999427 0.000590
                                                                5.87878787879  3.000769 0.000559
                                                                 5.93939393939  3.000955 0.000595
                                                                  6.0  2.999126 0.000644
                                                                   6.06060606061  3.002460 0.000656
                                                                    6.12121212121  2.996414 0.000548
                                                                     6.18181818182  3.000622 0.000609
                                                                      6.24242424242  3.002238 0.000678
                                                                       6.30303030303  2.995554 0.000656
                                                                        6.36363636364  2.998993 0.000594
                                                                         6.42424242424  2.998651 0.000627
                                                                          6.48484848485  2.998427 0.000612
                                                                           6.54545454545  2.999908 0.000623
                                                                            6.60606060606  2.998948 0.000627
                                                                             6.66666666667  3.000711 0.000553
                                                                              6.72727272727  3.000586 0.000639
                                                                               6.78787878788  3.001555 0.000607
                                                                                6.84848484848  3.000051 0.000611
                                                                                 6.90909090909  2.999484 0.000579
                                                                                  6.9696969697  2.999157 0.000558
                                                                                   7.0303030303  3.003193 0.000566
                                                                                    7.09090909091  3.001243 0.000616
                                                                                     7.15151515152  3.002079 0.000623
                                                                                      7.21212121212  3.000020 0.000642
                                                                                       7.27272727273  2.997132 0.000591
                                                                                        7.33333333333  3.001836 0.000668
                                                                                         7.39393939394  2.998904 0.000561
                                                                                          7.45454545455  3.003125 0.000562
                                                                                           7.51515151515  2.998347 0.000668
                                                                                            7.57575757576  2.997786 0.000578
                                                                                             7.63636363636  3.001821 0.000642
                                                                                              7.69696969697  2.998365 0.000623
                                                                                               7.75757575758  3.001604 0.000647
                                                                                                7.81818181818  2.999150 0.000700
                                                                                                 7.87878787879  2.998794 0.000551
                                                                                                  7.93939393939  3.001286 0.000628
                                                                                                   8.0  3.000246 0.000615