2.0  2.957233 0.000644
 2.03171309915  2.961696 0.000627
  2.06384414574  2.964596 0.000608
   2.09639753471  2.967239 0.000669
    2.12937769557  2.975666 0.014104
     2.16278909259  2.972632 0.001060
      2.19663622497  2.978818 0.000598
       2.23092362701  2.978954 0.000624
        2.26565586833  2.979173 0.000875
         2.30083755401  2.984869 0.000696
          2.3364733248  2.985171 0.000593
           2.37256785731  2.985865 0.000591
            2.40912586415  2.988078 0.000647
             2.44615209417  2.988311 0.000665
              2.48365133261  2.990883 0.000601
               2.5216284013  2.991255 0.000633
                2.56008815884  2.993404 0.000601
                 2.59903550079  2.994130 0.000572
                  2.63847535984  2.992350 0.000629
                   2.67841270603  2.997771 0.000610
                    2.71885254693  2.995454 0.000564
                     2.75979992778  2.996925 0.000648
                      2.80125993175  2.996427 0.000572
                       2.84323768009  2.996808 0.000596
                        2.88573833233  2.997348 0.000725
                         2.92876708645  2.998396 0.000671
                          2.9723291791  2.995666 0.000571
                           3.01642988579  2.999085 0.000595
                            3.06107452104  3.000725 0.000631
                             3.10626843863  2.999217 0.000686
                              3.15201703176  2.998384 0.000601
                               3.19832573324  2.998014 0.000525
                                3.24520001568  3.003287 0.000584
                                 3.29264539173  3.000123 0.000622
                                  3.34066741422  2.998508 0.000612
                                   3.38927167637  2.999105 0.000593
                                    3.438463812  2.998869 0.000703
                                     3.48824949571  2.999587 0.000648
                                      3.53863444309  2.999944 0.000631
                                       3.58962441091  2.998309 0.000626
                                        3.64122519731  3.000959 0.000659
                                         3.693442642  3.001090 0.000690
                                          3.74628262649  2.999594 0.000555
                                           3.79975107423  2.999033 0.000611
                                            3.85385395086  3.002076 0.000604
                                             3.90859726439  3.000340 0.000593
                                              3.96398706538  2.997991 0.000626
                                               4.0200294472  2.998681 0.000601
                                                4.07673054616  3.002959 0.000617
                                                 4.13409654175  2.999636 0.000596
                                                  4.19213365685  2.998137 0.000623
                                                   4.2508481579  2.999908 0.000562
                                                    4.31024635515  3.002082 0.000621
                                                     4.3703346028  3.002297 0.000646
                                                      4.43111929926  2.998525 0.000607
                                                       4.49260688733  3.001979 0.000611
                                                        4.55480385442  3.000673 0.000590
                                                         4.61771673271  3.000381 0.000597
                                                          4.68135209943  3.001182 0.000600
                                                           4.74571657701  2.996512 0.000610
                                                            4.81081683328  2.998898 0.000654
                                                             4.87665958174  2.998936 0.000549
                                                              4.94325158169  2.999700 0.000547
                                                               5.01059963851  3.000343 0.000610
                                                                5.0787106038  2.998547 0.000631
                                                                 5.14759137566  2.999799 0.000671
                                                                  5.21724889883  2.997836 0.000637
                                                                   5.28769016495  2.999180 0.000661
                                                                    5.35892221275  2.998338 0.000717
                                                                     5.43095212827  3.001353 0.000649
                                                                      5.50378704506  2.999037 0.000622
                                                                       5.5774341444  2.998221 0.000640
                                                                        5.6519006555  2.999056 0.000608
                                                                         5.72719385575  3.000617 0.000573
                                                                          5.80332107087  2.998750 0.000613
                                                                           5.8802896752  3.001995 0.000622
                                                                            5.95810709185  2.998560 0.000571
                                                                             6.03678079293  2.998186 0.000546
                                                                              6.11631829981  2.999872 0.000628
                                                                               6.19672718327  2.999484 0.000624
                                                                                6.27801506376  3.002485 0.000649
                                                                                 6.36018961159  3.000757 0.000667
                                                                                  6.44325854719  3.000587 0.000577
                                                                                   6.52722964127  2.999797 0.000580
                                                                                    6.61211071506  2.998694 0.000654
                                                                                     6.69790964058  3.000164 0.000619
                                                                                      6.78463434076  3.002556 0.000659
                                                                                       6.87229278975  3.003363 0.000582
                                                                                        6.96089301308  3.002026 0.000555
                                                                                         7.05044308792  3.002778 0.000666
                                                                                          7.14095114328  3.000276 0.000632
                                                                                           7.23242536023  3.000794 0.000568
                                                                                            7.32487397214  3.002190 0.000596
                                                                                             7.41830526487  3.001187 0.000648
                                                                                              7.51272757704  3.000562 0.000593
                                                                                               7.6081493002  3.000463 0.000622
                                                                                                7.70457887909  2.997532 0.000568
                                                                                                 7.80202481186  2.998516 0.000652
                                                                                                  7.90049565029  2.998091 0.000653
                                                                                                   8.0  3.000246 0.000615
                                                                                                   